100 3.302500e-08
200 4.422500e-08
300 5.655000e-08
400 6.957500e-08
500 8.120000e-08
600 9.225000e-08
700 1.045000e-07
800 1.182500e-07
900 1.369500e-07
1000 1.676500e-07
2000 4.937750e-07
3000 7.295750e-07
4000 9.637500e-07
5000 1.197075e-06
6000 1.432825e-06
7000 1.670275e-06
8000 1.911900e-06
9000 2.147050e-06
10000 2.474825e-06
20000 5.316075e-06
30000 8.543225e-06
40000 1.162920e-05
50000 1.470108e-05
60000 1.812768e-05
70000 2.152873e-05
80000 2.412310e-05
90000 2.802550e-05
100000 3.111632e-05
200000 6.274422e-05
300000 9.608515e-05
400000 1.662495e-04
500000 2.697752e-04
600000 5.053476e-04
700000 7.410975e-04
800000 9.811027e-04
900000 1.098536e-03
1000000 1.207147e-03
2000000 2.384818e-03
3000000 3.587203e-03
4000000 4.762912e-03
5000000 5.899764e-03
6000000 7.127741e-03
7000000 8.271547e-03
8000000 9.491469e-03
9000000 1.080511e-02
10000000 1.189611e-02
